Country,BR,Full Downtier,Downtier,Uptier,Full Uptier,Count
Britain,1.0,5.705255110482265e-06,0.0001483366328725389,0.04694283904904808,0.9529031190629689,175277
Britain,1.3,0.00012674209446185793,0.0,0.8141814654310937,0.1856917924744444,205141
Britain,1.7,0.03664249959919483,0.7438142401624597,0.0,0.21954326023834547,224548
Britain,2.0,0.5470445471428057,0.12476540775652846,0.16146496919595044,0.16672507590471541,305317
Britain,2.3,0.1254239185549563,0.0,0.16760504948734664,0.7069710319576971,303714
Britain,2.7,0.2092356012053818,0.21605195025678028,0.0,0.574712448537838,235610
Britain,3.0,0.10444845699277741,0.4405716513460276,0.2778397898883782,0.1771401017728168,487360
Britain,3.3,0.3884171490593343,0.0,0.15617040520984082,0.4554124457308249,552800
Britain,3.7,0.21043797730387998,0.1341672649963168,0.0,0.6553947576998033,643458
Britain,4.0,0.09521818973931938,0.27766815747823065,0.4651321050222519,0.1619815477601981,906665
Britain,4.3,0.48252941153921347,0.0,0.2814901846534824,0.23598040380730412,521734
Britain,4.7,0.487449633244486,0.16975359300193954,0.0,0.34279677375357454,865154
Britain,5.0,0.21891228781473773,0.1835197562589808,0.4420667902861333,0.1555011656401481,670876
Britain,5.3,0.2506963845019833,0.0,0.21242170764882673,0.53688190784919,491108
Britain,5.7,0.5014219003080502,0.17637988577457217,0.0,0.32219821391737763,591462
Britain,6.0,0.14041288565021817,0.35488434194835294,0.25649625958657596,0.2482065128148529,742966
Britain,6.3,0.39244102973220774,0.0,0.27447370301132373,0.3330852672564686,671864
Britain,6.7,0.28081405543840726,0.271738377636021,0.0,0.4474475669255718,678627
Britain,7.0,0.23886712045750405,0.2898751967254522,0.3933213732893791,0.07793630952766462,772015
Britain,7.3,0.38908351835206123,0.0,0.10460961772841627,0.5063068639195225,575167
Britain,7.7,0.3328535740241575,0.06595466438954556,0.0,0.601191761586297,912263
Britain,8.0,0.04847422369781113,0.23461353472382793,0.4418535702690139,0.275058671309347,1241237
Britain,8.3,0.2776052872658151,0.0,0.3254617921070418,0.3969329206271431,1049011
Britain,8.7,0.5471488044821817,0.340606104139294,0.0,0.11224509137852427,1002369
Britain,9.0,0.3250453418130061,0.39642501820812964,0.10711711754597256,0.17141252243289173,1050355
Britain,9.3,0.5207421683010194,0.0,0.22516673899422587,0.2540910927047547,799603
Britain,9.7,0.3513487349559374,0.5622404177049959,0.0,0.08641084733906679,320226
Britain,10.0,0.3374922208309277,0.3808456237956347,0.05186924997563152,0.22979290539780609,533476
Britain,10.3,0.3630943764442228,0.0,0.21908223827063195,0.41782338528514523,559557
Britain,10.7,0.05457543346159839,0.24178193099721315,0.0,0.7036426355411884,507023
Britain,11.0,0.15737905695039803,0.3001459674095984,0.45801029859771153,0.08446467704229203,778941
Britain,11.3,0.4840927867284251,0.0,0.1362295193982073,0.3796776938733676,482957
Britain,11.7,0.5396685413824087,0.09952380808316114,0.0,0.36080765053443015,661078
Britain,12.0,0.10880199237974282,0.30323596338043074,0.3944442239508917,0.19351782028893474,604704
Britain,12.3,0.6104351357739465,0.0,0.3895648642260536,0.0,300389
Britain,12.7,0.6708668149844041,0.32913318501559585,0.0,0.0,355543
Britain,13.0,1.0,0.0,0.0,0.0,117021
China,1.0,5.645029269476762e-06,0.00021451111224011696,0.046966643522046665,0.9528132003364438,177147
China,1.3,0.00018278809568475789,0.0,0.8119062393273399,0.18791097257697542,207891
China,1.7,0.03796659669617596,0.7702290773021813,0.0,0.1918043260016428,219140
China,2.0,0.5821841736742986,0.1347431378094798,0.1449769248280572,0.1380957636881644,289922
China,2.3,0.19734781510482446,0.0,0.20225814599646375,0.6003940388987118,197950
China,2.7,0.3155792476912681,0.3006006456941212,0.0,0.3838201066146107,133190
China,3.0,0.17146026226306818,0.5089719321987444,0.21892799328496912,0.10063981225321833,233506
China,3.3,0.43427961719900465,0.0,0.08587078456664486,0.4798495982343505,273667
China,3.7,0.1448158251819369,0.06657091785715298,0.0,0.7886132569609101,353007
China,4.0,0.04416230681339828,0.24678084972036804,0.5231560827470082,0.18590076071922546,532128
China,4.3,0.5256860351073838,0.0,0.3960008806869358,0.07831308420568044,249805
China,4.7,0.5337195837391391,0.18965444520280064,0.0,0.27662597105806025,521596
China,5.0,0.2608866501397753,0.05159291101851363,0.38052376180178277,0.3069966770399283,379180
China,5.3,0.05781728873770167,0.0,0.3440339993911792,0.5981487118711192,338359
China,5.7,0.22663793252398134,0.18284559115733984,0.0,0.5905164763186788,636641
China,6.0,0.13026133507601478,0.22647659801128417,0.4206908359275862,0.22257123098511483,893642
China,6.3,0.3572306063012973,0.0,0.35107051451769483,0.29169887918100784,566550
China,6.7,0.5190666528597563,0.27461806634220426,0.0,0.20631528079803943,724275
China,7.0,0.3629702760704848,0.3015862008555119,0.2726925996758982,0.06275092339810502,547976
China,7.3,0.4538381899418635,0.0,0.09442993549237524,0.45173187456576125,364143
China,7.7,0.2843645096710842,0.06543681634455092,0.0,0.6501986739843649,525484
China,8.0,0.04047321147976869,0.1936148700739996,0.4021532511219999,0.3637586673242318,849599
China,8.3,0.19882586434466454,0.0,0.37354895011917827,0.4276251855361572,827332
China,8.7,0.4225716006614334,0.38222762560494317,0.0,0.1952007737336234,808547
China,9.0,0.2813982455916712,0.32213442694001976,0.14370796767984326,0.25275935978846575,1098262
China,9.3,0.3957887011805822,0.0,0.31055140449343926,0.2936598943259785,893881
China,9.7,0.3453732212061333,0.6074563275059576,0.0,0.04717045128790912,456981
China,10.0,0.32003375620823704,0.3026264820220522,0.02485139428819132,0.3524883674815194,867396
China,10.3,0.19939625920746487,0.0,0.23224954214297597,0.5683541986495592,1316459
China,10.7,0.01772873781025908,0.2514616997250549,0.0,0.7308095624646861,1215879
China,11.0,0.13874231748002455,0.33952608880321494,0.4032193071301772,0.11851228658658332,2203704
China,11.3,0.5456337413957939,0.0,0.19045459086676142,0.26391166773744473,1371277
China,11.7,0.5317248312508976,0.15628201445736992,0.0,0.31199315429173247,1671120
China,12.0,0.15973211418785646,0.22133973486643935,0.31888075105885233,0.30004739988685186,1635025
China,12.3,0.4245208984129852,0.0,0.5754791015870149,0.0,852481
China,12.7,0.5152144890672881,0.484785510932712,0.0,0.0,1011963
China,13.0,1.0,0.0,0.0,0.0,490585
France,1.0,5.807774286660123e-06,0.00010453993715988222,0.05138718688836877,0.9485024654001847,172183
France,1.3,8.784815933703923e-05,0.0,0.7970561105715499,0.20285604126911308,204899
France,1.7,0.04418366582607176,0.8155401862625153,0.0,0.14027614791141294,200255
France,2.0,0.6432625538133107,0.16371456592893688,0.11064371157247122,0.08237916868528125,253887
France,2.3,0.18984046367385715,0.0,0.09552540112447305,0.7146341352016699,218947
France,2.7,0.18584111778559897,0.13836698510148457,0.0,0.6757918971129164,151156
France,3.0,0.062204443386967255,0.46535704725931654,0.30380989203818815,0.16862861731552806,336230
France,3.3,0.3948375146991284,0.0,0.1430748810190723,0.46208760428179935,396282
France,3.7,0.31400817681596016,0.17428913958992961,0.0,0.5117026835941102,325310
France,4.0,0.1184114347293984,0.3824323026093204,0.34764902197476305,0.15150724068651816,478822
France,4.3,0.6360769057088768,0.0,0.25199298330930753,0.11193011098181566,287885
France,4.7,0.4986280853103283,0.21730469686077164,0.0,0.2840672178289001,333840
France,5.0,0.21945958700637097,0.09747944409823271,0.2868841548635354,0.3961768140318609,330562
France,5.3,0.07546334677589332,0.0,0.30669879766371116,0.6178378555603955,427002
France,5.7,0.2090499473148193,0.2886905417976448,0.0,0.5022595108875358,453638
France,6.0,0.17470947567546655,0.35194832395713405,0.30395694730340334,0.16938525306399607,749593
France,6.3,0.494104118127402,0.0,0.23780181745990125,0.26809406441269673,533932
France,6.7,0.21652473635744202,0.12066214504355792,0.0,0.662813118599,1052277
France,7.0,0.11071330164033916,0.12481645152401913,0.6081628061902487,0.15630744064539306,1146836
France,7.3,0.1829437866797538,0.0,0.22910020857616098,0.5879560047440853,782448
France,7.7,0.4427942913010907,0.11380512208438615,0.0,0.44340058661452314,1575140
France,8.0,0.11537785718837153,0.29610232295295846,0.449528181356518,0.13899163850215202,1553669
France,8.3,0.4924343788333872,0.0,0.23115070657421224,0.27641491459240053,934226
France,8.7,0.6739918609667056,0.2083945723050912,0.0,0.1176135667282032,1036241
France,9.0,0.24200541732085804,0.28939520778910777,0.13658282931180749,0.33201654557822674,892323
France,9.3,0.274835434415892,0.0,0.3153124484485337,0.40985211713557435,939595
France,9.7,0.2689689113110568,0.6538312996691847,0.0,0.07719978901975844,453123
France,10.0,0.3470485771483929,0.4511036427297103,0.04097704858886248,0.1608707315330343,853673
France,10.3,0.5154061737119363,0.0,0.18380203648978544,0.3007917897982783,747168
France,10.7,0.07264673265188298,0.28520192223823626,0.0,0.6421513451098807,481522
France,11.0,0.195914262277542,0.3206134312921288,0.441114162416634,0.04235814401369521,700975
France,11.3,0.6680300215501226,0.0,0.08825741249907111,0.24371256595080626,336425
France,11.7,0.684357881923311,0.06571570851546506,0.0,0.24992640956122392,451825
France,12.0,0.05458870941054048,0.150740363508003,0.2076088115575395,0.5870621155239171,543922
France,12.3,0.20430991734507498,0.0,0.795690082654925,0.0,401307
France,12.7,0.2612512984714475,0.7387487015285525,0.0,0.0,432239
France,13.0,1.0,0.0,0.0,0.0,319316
Germany,1.0,4.659890150856177e-06,0.00017707582573253474,0.04806210701593061,0.951756157268186,643792
Germany,1.3,0.000145079513754556,0.0,0.7797807517664067,0.22007416871983873,785776
Germany,1.7,0.03728225809366713,0.7382867897520179,0.0,0.22443095215431497,829939
Germany,2.0,0.5407814829164795,0.15262243270603001,0.16439154106920165,0.14220454330828886,1133051
Germany,2.3,0.18536951917057568,0.0,0.17271633893886512,0.6419141418905592,932888
Germany,2.7,0.2816242107554975,0.2436149817354912,0.0,0.4747608075090113,661392
Germany,3.0,0.11583235024108225,0.43050023040662994,0.22573595328316867,0.22793146606911913,1391019
Germany,3.3,0.27943384727950105,0.0,0.1479482750092626,0.5726178777112364,2143026
Germany,3.7,0.14773573622742053,0.14917261720766128,0.0,0.7030916465649182,2125437
Germany,4.0,0.09024172750246981,0.3492708953870859,0.4253341261033768,0.1351532510070675,3513419
Germany,4.3,0.6757998839095817,0.0,0.2615063337566485,0.06269378233376986,1815826
Germany,4.7,0.6385866267372952,0.20291590388918232,0.0,0.15849746937352252,2340132
Germany,5.0,0.33070957173859145,0.07928463379234071,0.2583170131740597,0.3316887812950081,1435852
Germany,5.3,0.05100704880396152,0.0,0.2133889638634543,0.7356039873325841,2231868
Germany,5.7,0.08958134028205303,0.11502581738550155,0.0,0.7953928423324454,4140427
Germany,6.0,0.06981386282822546,0.24066547274860275,0.4827563763624159,0.20676428806075584,6821797
Germany,6.3,0.369398345710579,0.0,0.3173632889228489,0.3132383653665721,4444446
Germany,6.7,0.4606606848560485,0.19730071565193819,0.0,0.3420385994920133,7149006
Germany,7.0,0.25605238593674606,0.25272434972318103,0.44388992301930746,0.04733334132076547,5508654
Germany,7.3,0.510480056321915,0.0,0.09560901737325736,0.3939109263048277,2727180
Germany,7.7,0.5427017323941912,0.05786994703564751,0.0,0.39942832057016137,4505672
Germany,8.0,0.059901659854656175,0.24679595051611003,0.41345155163822517,0.2798508379910086,4352851
Germany,8.3,0.2862122737611263,0.0,0.3245464299064126,0.38924129633246113,3753389
Germany,8.7,0.5050934736684938,0.3418800372373522,0.0,0.15302648909415398,3563089
Germany,9.0,0.25366984971587453,0.30423622645407095,0.11354335516265371,0.3285505686674008,4802104
Germany,9.3,0.2971060219642738,0.0,0.3208505233205941,0.38204345471513207,4917349
Germany,9.7,0.24370334580499423,0.7051832556443167,0.0,0.05111339855068901,2237339
Germany,10.0,0.3863462113444789,0.4600305455966615,0.028003313636476054,0.1256199294223836,4083731
Germany,10.3,0.5655938801825782,0.0,0.1544459688391248,0.2799601509782971,3321537
Germany,10.7,0.04994590845623127,0.224052109570207,0.0,0.7260019819735617,2289637
Germany,11.0,0.1396582904941881,0.25315491486119734,0.4525384558633162,0.15464833878129836,3673237
Germany,11.3,0.28314534074342024,0.0,0.17296901623910074,0.543885643017479,3284172
Germany,11.7,0.38354102653023037,0.13106948556276746,0.0,0.4853894879070022,4334037
Germany,12.0,0.09038798285037357,0.28421694961640875,0.33473372173784366,0.290661345795374,6284685
Germany,12.3,0.49439499087859184,0.0,0.5056050091214082,0.0,3612929
Germany,12.7,0.5352356280297405,0.4647643719702596,0.0,0.0,3930411
Germany,13.0,1.0,0.0,0.0,0.0,1826715
Israel,1.0,0.0,0.0,0.0,0.0,0
Israel,1.3,0.0,0.0,0.0,0.0,0
Israel,1.7,0.0,0.0,0.0,0.0,0
Israel,2.0,0.0,0.0,0.0,0.0,0
Israel,2.3,0.0,0.0,0.0,0.0,0
Israel,2.7,0.0,0.0,0.0,0.0,0
Israel,3.0,0.0,0.0,0.0,0.0,0
Israel,3.3,0.0,0.0,0.0,1.0,677
Israel,3.7,0.0,0.0,0.0,1.0,1164
Israel,4.0,0.0,0.2302721088435374,0.39591836734693875,0.3738095238095238,2940
Israel,4.3,0.31226937269372695,0.0,0.5069188191881919,0.18081180811808117,2168
Israel,4.7,0.5052083333333334,0.4769965277777778,0.0,0.017795138888888888,2304
Israel,5.0,0.045289705761147284,0.01615428995302069,0.0016896068573312455,0.9368663974285008,24266
Israel,5.3,0.005282235787147458,0.0,0.30634272547196506,0.6883750387408875,74211
Israel,5.7,0.00013200895085081378,0.07319735338152197,0.0,0.9266706376676273,310585
Israel,6.0,0.04372797636450367,0.09826003662270916,0.5535914875282749,0.3044204994845123,519896
Israel,6.3,0.19066049108559102,0.0,0.5906873630741555,0.2186521458402535,267937
Israel,6.7,0.42527380298006395,0.23385847946994817,0.0,0.3408677175499879,676764
Israel,7.0,0.3084922246868629,0.11419321136610829,0.4496524596810348,0.12766210426599406,513034
Israel,7.3,0.1939412598154107,0.0,0.21681629788530038,0.5892424422992889,302076
Israel,7.7,0.38831880632791643,0.11024869290617541,0.0,0.5014325007659082,594066
Israel,8.0,0.09621373713869351,0.2614804237840887,0.4375987918745336,0.2047070472026842,680724
Israel,8.3,0.42852190325780265,0.0,0.335480003466772,0.2359980932754254,415372
Israel,8.7,0.6068329927905427,0.2838741614600628,0.0,0.10929284574939446,490883
Israel,9.0,0.31867734801828607,0.22417803065819294,0.12269223116908659,0.3344523901544344,437273
Israel,9.3,0.23067890340040004,0.0,0.34415107659724675,0.4251700200023532,424950
Israel,9.7,0.2450857229000973,0.6680904327487517,0.0,0.08682384435115097,218903
Israel,10.0,0.36470027879882094,0.45055684952344854,0.0473957995640963,0.1373470721136342,401006
Israel,10.3,0.4360836561553407,0.0,0.13293508562325768,0.4309812582214016,414315
Israel,10.7,0.05784547958547015,0.16762893187040617,0.0,0.7745255885441237,328565
Israel,11.0,0.08750951328523332,0.28370960130794765,0.4043356747799035,0.22444521062691555,629383
Israel,11.3,0.2918810062066519,0.0,0.23090968234430653,0.47720931144904155,611763
Israel,11.7,0.4313627110140029,0.23944781667567874,0.0,0.32918947231031837,589949
Israel,12.0,0.17060483788180536,0.3525803525815603,0.2345451185799154,0.24226969095671896,828007
Israel,12.3,0.5927214033378,0.0,0.4072785966622,0.0,492540
Israel,12.7,0.4918998191516846,0.5081001808483154,0.0,0.0,394806
Israel,13.0,1.0,0.0,0.0,0.0,200601
Italy,1.0,1.677641236421591e-05,0.00012582309273161934,0.047418529547456276,0.9524388709474478,119215
Italy,1.3,0.00010549413452612035,0.0,0.7985554336512223,0.20133907221425154,142188
Italy,1.7,0.031659535383857164,0.6359069423598199,0.0,0.33243352225632294,178556
Italy,2.0,0.4678718003659079,0.11796410146527996,0.24458967216627384,0.16957442600253828,242684
Italy,2.3,0.15055007467552955,0.0,0.21641704705610132,0.6330328782683692,190156
Italy,2.7,0.34953068507025004,0.242330204567135,0.0,0.40813911036261497,169822
Italy,3.0,0.1529657961447252,0.44743415330404335,0.2576291472453296,0.14197090330590187,269034
Italy,3.3,0.4063153986363329,0.0,0.12892391817997706,0.46476068318369,296260
Italy,3.7,0.20395606077102577,0.11239344030744512,0.0,0.6836504989215291,339833
Italy,4.0,0.07884768225591693,0.28423975310425975,0.4796032327652942,0.15730933187452908,484415
Italy,4.3,0.601600013981553,0.0,0.3329488406234025,0.06545114539504442,228873
Italy,4.7,0.5913720119838823,0.1939693683007476,0.0,0.21465861971537006,392861
Italy,5.0,0.31566585474971415,0.06205365279779954,0.3493355536776524,0.2729449387748339,241404
Italy,5.3,0.1101454390376612,0.0,0.4844781694386847,0.40537639152365407,136002
Italy,5.7,0.22133946451865208,0.17293827082726382,0.0,0.6057222646540841,381003
Italy,6.0,0.13962526435349412,0.11682835140896704,0.489042309273457,0.25450407496408184,471906
Italy,6.3,0.21193122191426958,0.0,0.46168039640041364,0.3263883816853168,260141
Italy,6.7,0.4156144928945629,0.2162912697941035,0.0,0.36809423731133356,555279
Italy,7.0,0.2684833514033107,0.1898062972939743,0.45691707556976313,0.08479327573295181,447335
Italy,7.3,0.3444293450702797,0.0,0.15386893292497414,0.5017017220047462,246515
Italy,7.7,0.48083776974270787,0.08923240511808338,0.0,0.42992982513920874,425081
Italy,8.0,0.08818394225068873,0.2875306589791577,0.4248782359026817,0.19940716286747184,430135
Italy,8.3,0.385651832264824,0.0,0.26745578367051664,0.3468923840646594,320696
Italy,8.7,0.5430393325033206,0.2548634490299845,0.0,0.20209721846669498,336541
Italy,9.0,0.18713169601462634,0.24271137185257585,0.1483884621174602,0.42176847001533757,458351
Italy,9.3,0.20246826849927382,0.0,0.35183655046646306,0.4456951810342631,549454
Italy,9.7,0.249800751451668,0.7100153155105354,0.0,0.040183933037796625,272273
Italy,10.0,0.3993406225663251,0.5058718056241259,0.02260102914109479,0.0721865426684542,484093
Italy,10.3,0.6918159218034917,0.0,0.09872026668173343,0.20946381151477483,353980
Italy,10.7,0.05064644697190629,0.16176218713401566,0.0,0.7875913658940781,216027
Italy,11.0,0.10154504217846007,0.21545739583242526,0.4944047795474424,0.18859278244167227,344133
Italy,11.3,0.2393930099281621,0.0,0.20954395027847283,0.5510630397933651,309725
Italy,11.7,0.3824037759172894,0.1458695285722313,0.0,0.4717266955104793,444925
Italy,12.0,0.11036271192205009,0.29023415579777917,0.3569013892903906,0.24250174298978014,588070
Italy,12.3,0.5447993207484535,0.0,0.4552006792515465,0.0,313286
Italy,12.7,0.5954279683736606,0.4045720316263394,0.0,0.0,352491
Italy,13.0,1.0,0.0,0.0,0.0,142608
Japan,1.0,0.0,0.00011574163380890285,0.04973803810214585,0.9501462202640453,129599
Japan,1.3,9.233496663629872e-05,0.0,0.7579962081107035,0.24191145692266022,162452
Japan,1.7,0.033961707463567296,0.6487708243327257,0.0,0.31726746820370705,189802
Japan,2.0,0.4719775544465653,0.15062974802413204,0.23081050832125966,0.146582189208043,260898
Japan,2.3,0.16873693114241672,0.0,0.16420281578868273,0.6670602530689005,232901
Japan,2.7,0.33033995095753493,0.20979093866400425,0.0,0.4598691103784608,182291
Japan,3.0,0.12369610148494836,0.5025051023873675,0.27114620159200953,0.10265259453567466,309169
Japan,3.3,0.5081226226569987,0.0,0.10380015110334881,0.3880772262396525,305751
Japan,3.7,0.25946812593628904,0.0982314196927115,0.0,0.6423004543709995,323084
Japan,4.0,0.07138133923510837,0.26687313882666236,0.4667372900416543,0.19500823189657499,444612
Japan,4.3,0.4926919403728771,0.0,0.3600174396877465,0.1472906199393763,240830
Japan,4.7,0.4908171495202212,0.2050690753762426,0.0,0.3041137751035362,422799
Japan,5.0,0.2780145255158482,0.11374152277427733,0.41229057444727685,0.1959533772625976,311865
Japan,5.3,0.17287897691827822,0.0,0.29783511384903305,0.5292859092326887,205184
Japan,5.7,0.34212739009424675,0.16260623380217232,0.0,0.49526637610358093,375822
Japan,6.0,0.12898629951939616,0.2292229077270204,0.3928667163382083,0.2489240764153751,473779
Japan,6.3,0.24710125142207054,0.0,0.26833902161547213,0.48455972696245736,439500
Japan,6.7,0.3242813811558879,0.2054677577558917,0.0,0.4702508610882204,573983
Japan,7.0,0.18645879282022582,0.336702508620567,0.4267453387278083,0.05009335983139894,632499
Japan,7.3,0.5888774596011547,0.0,0.08761102078286934,0.3235115196159759,361644
Japan,7.7,0.6551724974937921,0.07690720598480012,0.0,0.26792029652140775,411977
Japan,8.0,0.08791196594951249,0.3246227865240867,0.30625738750187287,0.2812078600245279,360406
Japan,8.3,0.26389023595300337,0.0,0.22859765738658536,0.5075121066604112,443351
Japan,8.7,0.35269062522966416,0.32384321168722857,0.0,0.32346616308310727,312957
Japan,9.0,0.1484121138281624,0.32949132289435035,0.1482393185422521,0.37385724473523513,682889
Japan,9.3,0.3009252200707757,0.0,0.34144472351728067,0.3576300564119436,747714
Japan,9.7,0.2766970521108089,0.6978256413059819,0.0,0.025477306583209194,365855
Japan,10.0,0.4757594731486968,0.4983116607220725,0.01736976866397576,0.008559097465254873,536622
Japan,10.3,0.4950761762467855,0.0,0.008503524158117783,0.4964202995950967,540129
Japan,10.7,0.020190533128850302,0.009949052533076864,0.0,0.9698604143380728,461652
Japan,11.0,0.004681045790269173,0.27327095336178175,0.45632094057120376,0.2657270602767453,981191
Japan,11.3,0.24395505413520152,0.0,0.23722045309798925,0.5188244927668092,1099100
Japan,11.7,0.4182966113095861,0.24358454535942242,0.0,0.3381188433309915,1070384
Japan,12.0,0.17766603998710753,0.3885731262814961,0.24661759986044512,0.18714323387095125,1467523
Japan,12.3,0.674938482169594,0.0,0.3250615178304061,0.0,844877
Japan,12.7,0.5685566346295836,0.43144336537041633,0.0,0.0,636554
Japan,13.0,1.0,0.0,0.0,0.0,274637
Sweden,1.0,0.0,2.3421534930291657e-05,0.053143462756831766,0.9468331157082379,170783
Sweden,1.3,1.6335665249547705e-05,0.0,0.6603815194619032,0.3396021448728473,244863
Sweden,1.7,0.02808185694218405,0.5003217841694565,0.0,0.47159635888835943,323198
Sweden,2.0,0.35286377354290915,0.18146070235390904,0.33260448785512126,0.1330710362480606,458259
Sweden,2.3,0.22031873037741598,0.0,0.16156689231258362,0.6181143773100004,377435
Sweden,2.7,0.40785914023093084,0.16317951325243174,0.0,0.4289613465166375,373705
Sweden,3.0,0.1127930527425575,0.431517909164054,0.29650695003190636,0.15918208806148212,540645
Sweden,3.3,0.38595208396060043,0.0,0.14237336924334215,0.4716745467960574,604474
Sweden,3.7,0.22958109559613318,0.12325241675617615,0.0,0.6471664876476907,698250
Sweden,4.0,0.08620608484078704,0.2855956574915583,0.45264580288625755,0.17555245478139708,998317
Sweden,4.3,0.5804742088375654,0.0,0.35681100053748555,0.0627147906249491,491176
Sweden,4.7,0.6012117793252459,0.2331717272778072,0.0,0.16561649339694687,751622
Sweden,5.0,0.3776919579070775,0.06638492654427278,0.26826587589785805,0.28765723965079165,464021
Sweden,5.3,0.07538101623907362,0.0,0.3266388347803956,0.5979801489805308,408644
Sweden,5.7,0.267906181937139,0.2872715455273285,0.0,0.4448222725355326,464644
Sweden,6.0,0.2034858726572576,0.37252310347245726,0.31508532506456166,0.1089056988057235,655962
Sweden,6.3,0.5266650573949627,0.0,0.1539685071274931,0.3193664354775442,463978
Sweden,6.7,0.38915405630837996,0.13450672270015118,0.0,0.4763392209914688,531111
Sweden,7.0,0.13546960571627956,0.28099541848081677,0.4797491542394223,0.10378582156348135,527336
Sweden,7.3,0.37110249590527283,0.0,0.13706692311930557,0.4918305809754216,399294
Sweden,7.7,0.34509903954625004,0.0746564887578759,0.0,0.580244471695874,733091
Sweden,8.0,0.05340288490717187,0.19162297738890824,0.4150574083452131,0.33991672935870676,1024851
Sweden,8.3,0.24005422412802566,0.0,0.4258280914231511,0.3341176844488232,818086
Sweden,8.7,0.46993862997354074,0.3848624283970326,0.0,0.14519894162942668,905165
Sweden,9.0,0.3537229019647662,0.2775417576280652,0.13345077930649338,0.23528456110067522,984850
Sweden,9.3,0.3295944956849826,0.0,0.2794119952297866,0.3909935090852308,829313
Sweden,9.7,0.31295077946600564,0.5517576381001364,0.0,0.1352915824338579,419967
Sweden,10.0,0.2521919322960654,0.35290327636195834,0.06183774041601003,0.3330670509259662,918824
Sweden,10.3,0.2302817161476162,0.0,0.21733788609202292,0.5523803977603609,1408084
Sweden,10.7,0.04505899827830819,0.242694308900536,0.0,0.7122466928211558,1260969
Sweden,11.0,0.14786822463909918,0.3758180877294451,0.43395601013329543,0.04235767749816029,2069613
Sweden,11.3,0.7189311948356613,0.0,0.08102924443631046,0.2000395607280283,1081881
Sweden,11.7,0.6889893167343545,0.06725102682400305,0.0,0.2437596564416425,1303534
Sweden,12.0,0.09463520795909908,0.23362905036617382,0.34301700462898993,0.3287187370457372,926336
Sweden,12.3,0.4154529556191606,0.0,0.5845470443808394,0.0,520923
Sweden,12.7,0.5106427771340596,0.48935722286594036,0.0,0.0,622253
Sweden,13.0,1.0,0.0,0.0,0.0,304504
Usa,1.0,0.0,0.00011015558526801994,0.044157195818645925,0.9557326485960861,263264
Usa,1.3,8.939911464049225e-05,0.0,0.775645214989457,0.22426538589590245,324388
Usa,1.7,0.023728460681175217,0.5135757412464943,0.0,0.46269579807233047,489918
Usa,2.0,0.34850961272092634,0.10076597041387335,0.31398276912848355,0.23674164773671671,721960
Usa,2.3,0.11492605926948675,0.0,0.2700096523419172,0.6150642883885961,633007
Usa,2.7,0.3510274555956455,0.2646731808538644,0.0,0.3842993635504901,645770
Usa,3.0,0.1723325052027038,0.3925621501282527,0.25022282898027004,0.18488251568877345,991792
Usa,3.3,0.3270635099978075,0.0,0.15403503495851434,0.5189014550436782,1190411
Usa,3.7,0.17835472012706308,0.13178121866993428,0.0,0.6898640612030027,1391435
Usa,4.0,0.0860328516794857,0.2898208964607662,0.4503750462737709,0.17377120558597725,2131337
Usa,4.3,0.5836439551344013,0.0,0.34994203301142046,0.0664140118541783,1058361
Usa,4.7,0.5425882432741794,0.20935043793082983,0.0,0.24806131879499072,1769115
Usa,5.0,0.2741846049747296,0.05203633141272458,0.32488393803020016,0.3488951255823457,1350787
Usa,5.3,0.04441212225370196,0.0,0.29777604512863026,0.6578118326176678,1582676
Usa,5.7,0.14067467580800372,0.15107151489196377,0.0,0.7082538093000325,3119602
Usa,6.0,0.0930817592672327,0.2056252799663764,0.43638610908556563,0.2649068516808253,5063108
Usa,6.3,0.26122353428828143,0.0,0.3365340295928703,0.4022424361188482,3985487
Usa,6.7,0.37195913595892854,0.2257966548643724,0.0,0.40224420917669906,5940088
Usa,7.0,0.2371336721179484,0.28343411830870774,0.42244047622204767,0.05699173335129624,5656101
Usa,7.3,0.6019378324137297,0.0,0.12103511265223212,0.27702705493403823,2663285
Usa,7.7,0.6396926732808985,0.0863013757309558,0.0,0.2740059509881457,3735178
Usa,8.0,0.11155098471512281,0.25531963488491444,0.35417319123416496,0.2789561891657978,2889719
Usa,8.3,0.2823537786050812,0.0,0.30849305464399523,0.40915316675092356,2613041
Usa,8.7,0.4950007133892276,0.38987567681291546,0.0,0.11512360979785694,2067595
Usa,9.0,0.30696939197893686,0.40713233874496335,0.09064280385725726,0.1952554654188425,2626011
Usa,9.3,0.5085783899826896,0.0,0.2439076948398369,0.2475139151774735,2102201
Usa,9.7,0.28767684531881105,0.619690410409249,0.0,0.09263274427193993,827418
Usa,10.0,0.34147307936668614,0.3465218219427503,0.05104417932792652,0.26096091936263704,1501562
Usa,10.3,0.2917173583725131,0.0,0.21968841560433672,0.48859422602315017,1783658
Usa,10.7,0.039610929569487086,0.20250897817073227,0.0,0.7578800922597806,1934971
Usa,11.0,0.11795166633304385,0.26232836611616395,0.4414284273723216,0.17829154017847065,3322115
Usa,11.3,0.2757543665023714,0.0,0.18741652472640044,0.5368291087712281,3160367
Usa,11.7,0.31789782100401426,0.1283979205045174,0.0,0.5537042584914683,4613042
Usa,12.0,0.09805150151785688,0.2808551713908562,0.4228381092823843,0.19825521780890265,6040754
Usa,12.3,0.5862013801453119,0.0,0.4137986198546881,0.0,2894188
Usa,12.7,0.6807964130972485,0.31920358690275147,0.0,0.0,3751872
Usa,13.0,1.0,0.0,0.0,0.0,1197611
Ussr,1.0,0.0,0.00013132004632799012,0.04626555927270222,0.9536031206809698,464514
Ussr,1.3,0.00010847259911016904,0.0,0.787692449951454,0.21219907744943575,562354
Ussr,1.7,0.03206195471851242,0.6608453578717463,0.0,0.3070926874097414,670296
Ussr,2.0,0.48054806706553044,0.12945643506891522,0.2233091230601496,0.16668637480540474,921785
Ussr,2.3,0.159744421776357,0.0,0.20568478150284064,0.6345707967208023,747012
Ussr,2.7,0.3540660062714042,0.2642882575438319,0.0,0.3816457361847639,581369
Ussr,3.0,0.15898452050825712,0.4904929431728819,0.22958176399983443,0.12094077231902653,966440
Ussr,3.3,0.3901257124045841,0.0,0.09619323910046705,0.5136810484949489,1215075
Ussr,3.7,0.13738394837444134,0.07237212804347207,0.0,0.7902439235820866,1615014
Ussr,4.0,0.04228983527218731,0.22583174375287643,0.4617701075897522,0.27010831338518404,2763832
Ussr,4.3,0.3760599564509579,0.0,0.44979026810255596,0.17414977544648613,1659738
Ussr,4.7,0.4314777187638402,0.2523890502287119,0.0,0.31613323100744795,2957870
Ussr,5.0,0.29812979496872477,0.11542988039010293,0.3734264036321857,0.2130139210089866,2504057
Ussr,5.3,0.1257371275646123,0.0,0.23203488098946054,0.6422279914459271,2298788
Ussr,5.7,0.2912982270976095,0.1661654798200774,0.0,0.5425362930823131,3210047
Ussr,6.0,0.11434219033230038,0.3164772249822934,0.3733313811807922,0.195849203504614,4664936
Ussr,6.3,0.39321328046262577,0.0,0.24333665018185846,0.3634500693555157,3754568
Ussr,6.7,0.3812759236855736,0.20001690115930568,0.0,0.4187071751551207,4567734
Ussr,7.0,0.20127911101123794,0.30063250563438926,0.42134943347675413,0.07673894987761865,4539090
Ussr,7.3,0.5177578766963463,0.0,0.13216200844516468,0.35008011485848906,2635591
Ussr,7.7,0.5393143572264666,0.09822350320014189,0.0,0.3624621395733915,3546249
Ussr,8.0,0.09807957475433295,0.2598001437721406,0.3619310180931579,0.28018926338036854,3551453
Ussr,8.3,0.2849879029605238,0.0,0.3073537583291661,0.4076583387103101,3237569
Ussr,8.7,0.4510629472665441,0.3491908364158529,0.0,0.19974621631760298,2849671
Ussr,9.0,0.23919650776786078,0.3172580400904788,0.13682660711667297,0.3067188450249874,4160090
Ussr,9.3,0.30977177772191744,0.0,0.2994812735308676,0.3907469487472149,4260627
Ussr,9.7,0.2864110351656845,0.6420363974495218,0.0,0.07155256738479374,1987392
Ussr,10.0,0.3323117262745911,0.43358234571328713,0.03703490531296439,0.19707102269915738,3839702
Ussr,10.3,0.4073934047777407,0.0,0.1851676751007088,0.4074389201215504,4086534
Ussr,10.7,0.05822281672114193,0.3098166429399364,0.0,0.6319605403389217,2442393
Ussr,11.0,0.15860995622313728,0.3490018938183129,0.3235308235437145,0.1688573264148353,4770785
Ussr,11.3,0.3563280478062241,0.0,0.1724019340436583,0.4712700181501176,4672697
Ussr,11.7,0.3089847018645228,0.16126540923813604,0.0,0.5297498888973411,4995380
Ussr,12.0,0.10652639496363264,0.291195666489824,0.3499345964098639,0.25234334213667947,7562276
Ussr,12.3,0.5357401435191582,0.0,0.4642598564808417,0.0,4110392
Ussr,12.7,0.5810184534641083,0.4189815465358917,0.0,0.0,4554592
Ussr,13.0,1.0,0.0,0.0,0.0,1908290
